Channel,X,Y,Z
Nose,0.0,0.8315,-0.5556
Nz,0.0,0.9239,-0.3827
NFpz,0.0,0.9808,-0.1951
Fpz,0.0,1.0,0.0
AFpz,0.0,0.9808,0.1951
AFz,0.0,0.9239,0.3827
AFFz,0.0,0.8315,0.5556
Fz,0.0,0.7071,0.7071
FFCz,0.0,0.5556,0.8315
FCz,0.0,0.3827,0.9239
FCCz,0.0,0.1951,0.9808
Cz,0.0,0.0,1.0
CCPz,0.0,-0.1951,0.9808
CPz,0.0,-0.3827,0.9239
CPPz,0.0,-0.5556,0.8315
Pz,0.0,-0.7071,0.7071
PPOz,0.0,-0.8315,0.5556
POz,0.0,-0.9239,0.3827
POOz,0.0,-0.9808,0.1951
Oz,0.0,-1.0,0.0
OIz,0.0,-0.9808,-0.1951
Iz,0.0,-0.9239,-0.3827
N1h,-0.1445,0.9125,-0.3827
N1,-0.2855,0.8787,-0.3827
AFp9,-0.4194,0.8232,-0.3827
AF9,-0.543,0.7474,-0.3827
AFF9,-0.6533,0.6533,-0.3827
F9,-0.7474,0.543,-0.3827
FFT9,-0.8232,0.4194,-0.3827
FT9,-0.8787,0.2855,-0.3827
FTT9,-0.9125,0.1445,-0.3827
T9,-0.9239,0.0,-0.3827
TTP9,-0.9125,-0.1445,-0.3827
TP9,-0.8787,-0.2855,-0.3827
TPP9,-0.8232,-0.4194,-0.3827
P9,-0.7474,-0.543,-0.3827
PPO9,-0.6533,-0.6533,-0.3827
PO9,-0.543,-0.7474,-0.3827
POO9,-0.4194,-0.8232,-0.3827
I1,-0.2855,-0.8787,-0.3827
I1h,-0.1445,-0.9125,-0.3827
NFp1h,-0.1534,0.9687,-0.1951
NFp1,-0.3031,0.9328,-0.1951
AFp9h,-0.4453,0.8739,-0.1951
AF9h,-0.5765,0.7935,-0.1951
AFF9h,-0.6935,0.6935,-0.1951
F9h,-0.7935,0.5765,-0.1951
FFT9h,-0.8739,0.4453,-0.1951
FT9h,-0.9328,0.3031,-0.1951
FTT9h,-0.9687,0.1534,-0.1951
T9h,-0.9808,0.0,-0.1951
TTP9h,-0.9687,-0.1534,-0.1951
TP9h,-0.9328,-0.3031,-0.1951
TPP9h,-0.8739,-0.4453,-0.1951
P9h,-0.7935,-0.5765,-0.1951
PPO9h,-0.6935,-0.6935,-0.1951
PO9h,-0.5765,-0.7935,-0.1951
POO9h,-0.4453,-0.8739,-0.1951
OI1,-0.3031,-0.9328,-0.1951
OI1h,-0.1534,-0.9687,-0.1951
Fp1h,-0.1564,0.9877,0.0
Fp1,-0.309,0.9511,0.0
AFp7,-0.454,0.891,0.0
AF7,-0.5878,0.809,0.0
AFF7,-0.7071,0.7071,0.0
F7,-0.809,0.5878,0.0
FFT7,-0.891,0.454,0.0
FT7,-0.9511,0.309,0.0
FTT7,-0.9877,0.1564,0.0
T7,-1.0,0.0,0.0
TTP7,-0.9877,-0.1564,0.0
TP7,-0.9511,-0.309,0.0
TPP7,-0.891,-0.454,0.0
P7,-0.809,-0.5878,0.0
PPO7,-0.7071,-0.7071,0.0
PO7,-0.5878,-0.809,0.0
POO7,-0.454,-0.891,0.0
O1,-0.309,-0.9511,0.0
O1h,-0.1564,-0.9877,0.0
N2h,0.1445,0.9125,-0.3827
N2,0.2855,0.8787,-0.3827
AFp10,0.4194,0.8232,-0.3827
AF10,0.543,0.7474,-0.3827
AFF10,0.6533,0.6533,-0.3827
F10,0.7474,0.543,-0.3827
FFT10,0.8232,0.4194,-0.3827
FT10,0.8787,0.2855,-0.3827
FTT10,0.9125,0.1445,-0.3827
T10,0.9239,0.0,-0.3827
TTP10,0.9125,-0.1445,-0.3827
TP10,0.8787,-0.2855,-0.3827
TPP10,0.8232,-0.4194,-0.3827
P10,0.7474,-0.543,-0.3827
PPO10,0.6533,-0.6533,-0.3827
PO10,0.543,-0.7474,-0.3827
POO10,0.4194,-0.8232,-0.3827
I2,0.2855,-0.8787,-0.3827
I2h,0.1445,-0.9125,-0.3827
NFp2h,0.1534,0.9687,-0.1951
NFp2,0.3031,0.9328,-0.1951
AFp10h,0.4453,0.8739,-0.1951
AF10h,0.5765,0.7935,-0.1951
AFF10h,0.6935,0.6935,-0.1951
F10h,0.7935,0.5765,-0.1951
FFT10h,0.8739,0.4453,-0.1951
FT10h,0.9328,0.3031,-0.1951
FTT10h,0.9687,0.1534,-0.1951
T10h,0.9808,0.0,-0.1951
TTP10h,0.9687,-0.1534,-0.1951
TP10h,0.9328,-0.3031,-0.1951
TPP10h,0.8739,-0.4453,-0.1951
P10h,0.7935,-0.5765,-0.1951
PPO10h,0.6935,-0.6935,-0.1951
PO10h,0.5765,-0.7935,-0.1951
POO10h,0.4453,-0.8739,-0.1951
OI2,0.3031,-0.9328,-0.1951
OI2h,0.1534,-0.9687,-0.1951
Fp2h,0.1564,0.9877,0.0
Fp2,0.309,0.9511,0.0
AFp8,0.454,0.891,0.0
AF8,0.5878,0.809,0.0
AFF8,0.7071,0.7071,0.0
F8,0.809,0.5878,0.0
FFT8,0.891,0.454,0.0
FT8,0.9511,0.309,0.0
FTT8,0.9877,0.1564,0.0
T8,1.0,0.0,0.0
TTP8,0.9877,-0.1564,0.0
TP8,0.9511,-0.309,0.0
TPP8,0.891,-0.454,0.0
P8,0.809,-0.5878,0.0
PPO8,0.7071,-0.7071,0.0
PO8,0.5878,-0.809,0.0
POO8,0.454,-0.891,0.0
O2,0.309,-0.9511,0.0
O2h,0.1564,-0.9877,0.0
T7h,-0.9808,0.0,0.1951
C5,-0.9239,0.0,0.3827
C5h,-0.8315,0.0,0.5556
C3,-0.7071,0.0,0.7071
C3h,-0.5556,0.0,0.8315
C1,-0.3827,0.0,0.9239
C1h,-0.1951,0.0,0.9808
T8h,0.9808,0.0,0.1951
C6,0.9239,0.0,0.3827
C6h,0.8315,0.0,0.5556
C4,0.7071,0.0,0.7071
C4h,0.5556,0.0,0.8315
C2,0.3827,0.0,0.9239
C2h,0.1951,0.0,0.9808
F3,-0.5489,0.6717,0.4975
F4,0.5489,0.6717,0.4975
P3,-0.5489,-0.6717,0.4975
P4,0.5489,-0.6717,0.4975
F5,-0.7256,0.6332,0.2692
F6,0.7256,0.6332,0.2692
P5,-0.7256,-0.6332,0.2692
P6,0.7256,-0.6332,0.2692
F1,-0.2956,0.6979,0.6524
F2,0.2956,0.6979,0.6524
P1,-0.2956,-0.6979,0.6524
P2,0.2956,-0.6979,0.6524
F7h,-0.7796,0.611,0.1376
F8h,0.7796,0.611,0.1376
P7h,-0.7796,-0.611,0.1376
P8h,0.7796,-0.611,0.1376
F5h,-0.6481,0.6537,0.3907
F6h,0.6481,0.6537,0.3907
P5h,-0.6481,-0.6537,0.3907
P6h,0.6481,-0.6537,0.3907
F3h,-0.4299,0.6867,0.5862
F4h,0.4299,0.6867,0.5862
P3h,-0.4299,-0.6867,0.5862
P4h,0.4299,-0.6867,0.5862
F1h,-0.1505,0.7048,0.6933
F2h,0.1505,0.7048,0.6933
P1h,-0.1505,-0.7048,0.6933
P2h,0.1505,-0.7048,0.6933
FC3,-0.6647,0.3612,0.654
FC4,0.6647,0.3612,0.654
CP3,-0.6647,-0.3612,0.654
CP4,0.6647,-0.3612,0.654
FC5,-0.872,0.3373,0.3547
FC6,0.872,0.3373,0.3547
CP5,-0.872,-0.3373,0.3547
CP6,0.872,-0.3373,0.3547
FC1,-0.3589,0.3771,0.8538
FC2,0.3589,0.3771,0.8538
CP1,-0.3589,-0.3771,0.8538
CP2,0.3589,-0.3771,0.8538
FT7h,-0.9288,0.3235,0.1811
FT8h,0.9288,0.3235,0.1811
TP7h,-0.9288,-0.3235,0.1811
TP8h,0.9288,-0.3235,0.1811
FC5h,-0.7829,0.35,0.5143
FC6h,0.7829,0.35,0.5143
CP5h,-0.7829,-0.35,0.5143
CP6h,0.7829,-0.35,0.5143
FC3h,-0.5215,0.3703,0.7687
FC4h,0.5215,0.3703,0.7687
CP3h,-0.5215,-0.3703,0.7687
CP4h,0.5215,-0.3703,0.7687
FC1h,-0.1829,0.3813,0.9062
FC2h,0.1829,0.3813,0.9062
CP1h,-0.1829,-0.3813,0.9062
CP2h,0.1829,-0.3813,0.9062
AF3,-0.3822,0.8869,0.2595
AF4,0.3822,0.8869,0.2595
PO3,-0.3822,-0.8869,0.2595
PO4,0.3822,-0.8869,0.2595
AF5,-0.508,0.8503,0.1376
AF6,0.508,0.8503,0.1376
PO5,-0.508,-0.8503,0.1376
PO6,0.508,-0.8503,0.1376
AF1,-0.2063,0.9139,0.3495
AF2,0.2063,0.9139,0.3495
PO1,-0.2063,-0.9139,0.3495
PO2,0.2063,-0.9139,0.3495
AF7h,-0.5534,0.83,0.0698
AF8h,0.5534,0.83,0.0698
PO7h,-0.5534,-0.83,0.0698
PO8h,0.5534,-0.83,0.0698
AF5h,-0.4509,0.8695,0.2016
AF6h,0.4509,0.8695,0.2016
PO5h,-0.4509,-0.8695,0.2016
PO6h,0.4509,-0.8695,0.2016
AF3h,-0.2994,0.9022,0.3105
AF4h,0.2994,0.9022,0.3105
PO3h,-0.2994,-0.9022,0.3105
PO4h,0.2994,-0.9022,0.3105
AF1h,-0.1052,0.9213,0.3742
AF2h,0.1052,0.9213,0.3742
PO1h,-0.1052,-0.9213,0.3742
PO2h,0.1052,-0.9213,0.3742
AFp3,-0.2866,0.9496,0.1273
AFp4,0.2866,0.9496,0.1273
POO3,-0.2866,-0.9496,0.1273
POO4,0.2866,-0.9496,0.1273
AFp5,-0.3827,0.9215,0.0663
AFp6,0.3827,0.9215,0.0663
POO5,-0.3827,-0.9215,0.0663
POO6,0.3827,-0.9215,0.0663
AFp1,-0.1554,0.972,0.1761
AFp2,0.1554,0.972,0.1761
POO1,-0.1554,-0.972,0.1761
POO2,0.1554,-0.972,0.1761
AFF3,-0.4706,0.7935,0.3859
AFF4,0.4706,0.7935,0.3859
PPO3,-0.4706,-0.7935,0.3859
PPO4,0.4706,-0.7935,0.3859
AFF5,-0.6239,0.7535,0.2073
AFF6,0.6239,0.7535,0.2073
PPO5,-0.6239,-0.7535,0.2073
PPO6,0.6239,-0.7535,0.2073
AFF1,-0.2535,0.8215,0.5108
AFF2,0.2535,0.8215,0.5108
PPO1,-0.2535,-0.8215,0.5108
PPO2,0.2535,-0.8215,0.5108
AFF7h,-0.6744,0.7308,0.1057
AFF8h,0.6744,0.7308,0.1057
PPO7h,-0.6744,-0.7308,0.1057
PPO8h,0.6744,-0.7308,0.1057
AFF5h,-0.5556,0.7747,0.3019
AFF6h,0.5556,0.7747,0.3019
PPO5h,-0.5556,-0.7747,0.3019
PPO6h,0.5556,-0.7747,0.3019
AFF3h,-0.3684,0.8095,0.4572
AFF4h,0.3684,0.8095,0.4572
PPO3h,-0.3684,-0.8095,0.4572
PPO4h,0.3684,-0.8095,0.4572
AFF1h,-0.1291,0.8289,0.5442
AFF2h,0.1291,0.8289,0.5442
PPO1h,-0.1291,-0.8289,0.5442
PPO2h,0.1291,-0.8289,0.5442
FFC3,-0.6146,0.5258,0.5881
FFC4,0.6146,0.5258,0.5881
CPP3,-0.6146,-0.5258,0.5881
CPP4,0.6146,-0.5258,0.5881
FFC5,-0.8094,0.493,0.319
FFC6,0.8094,0.493,0.319
CPP5,-0.8094,-0.493,0.319
CPP6,0.8094,-0.493,0.319
FFC1,-0.3313,0.5478,0.7682
FFC2,0.3313,0.5478,0.7682
CPP1,-0.3313,-0.5478,0.7682
CPP2,0.3313,-0.5478,0.7682
FFT7h,-0.8653,0.4739,0.163
FFT8h,0.8653,0.4739,0.163
TPP7h,-0.8653,-0.4739,0.163
TPP8h,0.8653,-0.4739,0.163
FFC5h,-0.7249,0.5105,0.4625
FFC6h,0.7249,0.5105,0.4625
CPP5h,-0.7249,-0.5105,0.4625
CPP6h,0.7249,-0.5105,0.4625
FFC3h,-0.4817,0.5385,0.6914
FFC4h,0.4817,0.5385,0.6914
CPP3h,-0.4817,-0.5385,0.6914
CPP4h,0.4817,-0.5385,0.6914
FFC1h,-0.1687,0.5536,0.8155
FFC2h,0.1687,0.5536,0.8155
CPP1h,-0.1687,-0.5536,0.8155
CPP2h,0.1687,-0.5536,0.8155
FCC3,-0.6963,0.1838,0.6938
FCC4,0.6963,0.1838,0.6938
CCP3,-0.6963,-0.1838,0.6938
CCP4,0.6963,-0.1838,0.6938
FCC5,-0.9108,0.1712,0.3757
FCC6,0.9108,0.1712,0.3757
CCP5,-0.9108,-0.1712,0.3757
CCP6,0.9108,-0.1712,0.3757
FCC1,-0.3766,0.1922,0.9062
FCC2,0.3766,0.1922,0.9062
CCP1,-0.3766,-0.1922,0.9062
CCP2,0.3766,-0.1922,0.9062
FTT7h,-0.9677,0.164,0.1916
FTT8h,0.9677,0.164,0.1916
TTP7h,-0.9677,-0.164,0.1916
TTP8h,0.9677,-0.164,0.1916
FCC5h,-0.8191,0.1779,0.5453
FCC6h,0.8191,0.1779,0.5453
CCP5h,-0.8191,-0.1779,0.5453
CCP6h,0.8191,-0.1779,0.5453
FCC3h,-0.5469,0.1886,0.8157
FCC4h,0.5469,0.1886,0.8157
CCP3h,-0.5469,-0.1886,0.8157
CCP4h,0.5469,-0.1886,0.8157
FCC1h,-0.192,0.1943,0.962
FCC2h,0.192,0.1943,0.962
CCP1h,-0.192,-0.1943,0.962
CCP2h,0.192,-0.1943,0.962
A1,-0.9239,0.0,-0.3827
A2,0.9239,0.0,-0.3827
LPA,-0.9239,0.0,-0.3827
RPA,0.9239,0.0,-0.3827
LM,-0.8787,-0.2855,-0.3827
RM,0.8787,-0.2855,-0.3827
1,0.7501,0.545,-0.3746
2,0.6783,0.7273,-0.1045
3,0.5507,0.8164,0.1736
4,0.2777,0.8548,0.4384
5,0.1545,0.7269,0.6691
6,0.0,0.5299,0.848
7,-0.162,0.223,0.9613
8,0.545,0.7501,-0.3746
9,0.436,0.8939,-0.1045
10,0.2879,0.9418,0.1736
11,0.0,0.8988,0.4384
12,-0.1545,0.7269,0.6691
13,-0.3115,0.4287,0.848
14,0.2865,0.8818,-0.3746
15,0.1556,0.9823,-0.1045
16,0.0,0.9848,0.1736
17,0.0,0.8315,-0.5556
18,-0.1556,0.9823,-0.1045
19,-0.3043,0.9366,0.1736
20,-0.2777,0.8548,0.4384
21,-0.4368,0.6012,0.6691
22,-0.2865,0.8818,-0.3746
23,-0.436,0.8939,-0.1045
24,-0.5789,0.7967,0.1736
25,-0.5283,0.7271,0.4384
26,-0.545,0.7501,-0.3746
27,-0.6783,0.7273,-0.1045
28,-0.776,0.6063,0.1736
29,-0.7271,0.5283,0.4384
30,-0.6436,0.3716,0.6691
31,-0.504,0.1638,0.848
32,-0.2621,-0.0852,0.9613
33,-0.7501,0.545,-0.3746
34,-0.8613,0.4973,-0.1045
35,-0.9194,0.3529,0.1736
36,-0.8548,0.2777,0.4384
37,-0.7391,0.0777,0.6691
38,-0.504,-0.1638,0.848
39,-0.8818,0.2865,-0.3746
40,-0.969,0.2237,-0.1045
41,-0.9824,0.0687,0.1736
42,-0.8988,0.0,0.4384
43,-0.7068,-0.2296,0.6691
44,-0.6824,0.394,-0.6157
45,-0.9272,0.0,-0.3746
46,-0.9921,-0.0694,-0.1045
47,-0.9596,-0.2215,0.1736
48,-0.8548,-0.2777,0.4384
49,-0.776,0.1368,-0.6157
50,-0.9285,-0.3564,-0.1045
51,-0.8529,-0.4924,0.1736
52,-0.7271,-0.5283,0.4384
53,-0.5523,-0.4973,0.6691
54,-0.3115,-0.4287,0.848
55,0.0,-0.2756,0.9613
56,-0.776,-0.1368,-0.6157
57,-0.8535,-0.3623,-0.3746
58,-0.7837,-0.6123,-0.1045
59,-0.6716,-0.7202,0.1736
60,-0.5283,-0.7271,0.4384
61,-0.3023,-0.6789,0.6691
62,0.0,-0.5299,0.848
63,-0.6824,-0.394,-0.6157
64,-0.6998,-0.6083,-0.3746
65,-0.5704,-0.8147,-0.1045
66,-0.4317,-0.8851,0.1736
67,-0.2777,-0.8548,0.4384
68,0.0,-0.7431,0.6691
69,-0.5065,-0.6037,-0.6157
70,-0.4913,-0.7863,-0.3746
71,-0.3073,-0.9458,-0.1045
72,-0.1541,-0.9727,0.1736
73,0.0,-0.8988,0.4384
74,-0.2695,-0.7405,-0.6157
75,-0.161,-0.9131,-0.3746
76,0.0,-0.9945,-0.1045
77,0.1541,-0.9727,0.1736
78,0.2777,-0.8548,0.4384
79,0.3023,-0.6789,0.6691
80,0.3115,-0.4287,0.848
81,0.2621,-0.0852,0.9613
82,0.0,-0.788,-0.6157
83,0.161,-0.9131,-0.3746
84,0.3073,-0.9458,-0.1045
85,0.4317,-0.8851,0.1736
86,0.5283,-0.7271,0.4384
87,0.5523,-0.4973,0.6691
88,0.504,-0.1638,0.848
89,0.2695,-0.7405,-0.6157
90,0.4775,-0.7948,-0.3746
91,0.5704,-0.8147,-0.1045
92,0.6716,-0.7202,0.1736
93,0.7271,-0.5283,0.4384
94,0.7068,-0.2296,0.6691
95,0.5065,-0.6037,-0.6157
96,0.6998,-0.6083,-0.3746
97,0.7837,-0.6123,-0.1045
98,0.8529,-0.4924,0.1736
99,0.8548,-0.2777,0.4384
100,0.6824,-0.394,-0.6157
101,0.8535,-0.3623,-0.3746
102,0.9285,-0.3564,-0.1045
103,0.9596,-0.2215,0.1736
104,0.8988,0.0,0.4384
105,0.7391,0.0777,0.6691
106,0.504,0.1638,0.848
107,0.162,0.223,0.9613
108,0.776,-0.1368,-0.6157
109,0.9921,-0.0694,-0.1045
110,0.9824,0.0687,0.1736
111,0.8548,0.2777,0.4384
112,0.6436,0.3716,0.6691
113,0.3115,0.4287,0.848
114,0.776,0.1368,-0.6157
115,0.9272,0.0,-0.3746
116,0.969,0.2237,-0.1045
117,0.9194,0.3529,0.1736
118,0.7271,0.5283,0.4384
119,0.4368,0.6012,0.6691
120,0.6824,0.394,-0.6157
121,0.8818,0.2865,-0.3746
122,0.8613,0.4973,-0.1045
123,0.776,0.6063,0.1736
124,0.5283,0.7271,0.4384
125,0.5065,0.6037,-0.6157
126,0.2695,0.7405,-0.6157
127,-0.2695,0.7405,-0.6157
128,-0.5065,0.6037,-0.6157
129,0.0,0.0,1.0
